            lat        lon
821   38.038685  67.779827
302   38.087468  67.746322
58    38.103938  67.860135
894   38.114243  67.867620
301   38.164180  67.899503
167   38.207200  67.203200
332   38.208050  67.206850
727   38.222173  67.913235
1097  38.233229  67.858384
178   38.246038  67.911016
0     38.267109  67.898776
867   38.274915  67.895480
761   38.278689  67.854074
629   38.300335  67.900808
389   38.303929  67.804574
522   38.310747  67.788520
1020  38.322290  67.884016
474   38.323300  66.604200
1359  38.326627  65.596748
568   38.329466  67.908111
1100  38.332477  66.579735
685   38.339444  66.551343
424   38.350068  66.490277
1     38.350212  66.450795
1043  38.385563  66.468916
1110  38.393593  67.868855
903   38.412700  67.957000
998   38.413533  67.909844
518   38.419640  66.451779
668   38.429350  67.913250
248   38.456950  67.886100
988   38.465322  68.007624
165   38.477660  66.431967
1235  38.494943  65.621090
742   38.567975  66.323153
587   38.605908  66.268260
12    38.609458  66.259098
939   38.616982  66.250556
503   38.619731  66.260357
4     38.621305  66.251609
1144  38.622246  66.246372
366   38.626713  66.279230
1281  38.627809  66.252830
1345  38.629093  66.247570
774   38.634015  66.263088
875   38.637292  66.211272
1314  38.649127  65.698519
1376  38.655502  65.706593
852   38.707157  66.239968
1051  38.725767  65.742536
1178  38.772741  65.769579
470   38.776282  65.532403
1380  38.786127  65.770085
1152  38.788706  65.556481
865   38.791464  65.815592
28    38.797929  65.568378
1319  38.805947  66.545062
980   38.806590  65.790936
19    38.807244  65.811525
1252  38.809876  65.806866
370   38.813730  65.649853
120   38.814606  65.798611
1112  38.815635  66.470170
548   38.817323  65.815624
506   38.817706  66.465864
911   38.818890  65.802779
965   38.821938  65.804584
1245  38.821943  65.750612
777   38.822039  65.654201
623   38.822123  65.661440
135   38.827025  65.787249
1177  38.827819  65.736124
1322  38.828677  65.851366
1174  38.829069  65.747699
202   38.835413  65.819651
26    38.836303  65.778473
563   38.836821  65.807231
740   38.838156  65.782089
223   38.839256  66.429627
152   38.839779  66.204880
576   38.839871  65.819372
401   38.841296  65.795810
104   38.846160  66.421596
1227  38.846850  65.787570
3     38.847790  65.781344
377   38.848944  66.241312
1165  38.849468  65.819376
807   38.850380  65.930146
1059  38.850979  65.782444
951   38.851658  66.050970
900   38.854031  65.789351
680   38.854373  65.809905
128   38.854506  65.795919
796   38.859136  65.765304
229   38.861462  65.860563
1056  38.861819  65.783539
11    38.861907  65.783626
274   38.862341  65.787800
224   38.862370  65.787169
541   38.862945  66.283964
252   38.864420  65.799759
1275  38.864917  65.816755
221   38.866465  65.800688
864   38.870980  65.804865
964   38.878664  65.815193
397   38.885048  65.809552
882   38.915959  65.844534
1079  38.918691  66.573666
606   38.919410  65.498837
318   38.924363  65.409774
979   38.924770  65.411523
1383  38.926231  65.422496
151   38.926280  65.422360
926   38.926912  65.426597
1186  38.930934  66.582950
1271  38.935150  66.238741
1095  38.937963  66.584877
737   38.945014  66.811985
1229  38.948427  66.590545
566   38.959410  66.605855
1005  38.960019  66.747808
1260  38.964220  66.614157
1353  38.968393  66.715765
994   38.968819  66.686703
919   38.969249  66.682266
170   38.970132  66.711819
529   38.973930  66.703578
880   38.975503  65.742536
992   38.976140  66.672296
445   38.976254  66.691142
1360  38.977306  66.687537
940   38.982614  66.663000
574   38.992460  66.686472
636   39.009343  65.634733
646   39.026195  67.112572
495   39.031285  65.604462
1272  39.032015  65.599274
857   39.032092  66.572641
1016  39.033594  65.586556
155   39.037843  66.993905
975   39.038273  65.584713
967   39.038743  66.727623
480   39.039310  66.623897
544   39.040213  66.964324
879   39.042036  65.604875
476   39.042728  66.824790
348   39.045339  66.827110
418   39.045845  66.917330
226   39.047251  65.583778
1318  39.049593  65.591544
314   39.053759  66.835168
1087  39.058985  66.834884
1386  39.074308  66.561277
500   39.077763  66.603389
78    39.078071  66.079306
705   39.080770  66.851942
1121  39.083126  65.544992
1221  39.102694  66.855091
38    39.106101  66.857034
299   39.108165  65.338718
1048  39.116522  66.846327
1333  39.116587  66.869579
1247  39.117971  66.875448
67    39.118902  66.901172
282   39.119078  66.905374
1209  39.126603  66.148559
702   39.131902  66.881277
844   39.154738  66.231463
1287  39.182303  65.329178
371   39.186153  66.983712
815   39.205808  66.767721
1346  39.213453  65.266292
966   39.219247  66.246033
109   39.242036  66.257953
400   39.258524  65.175579
1285  39.262643  65.155217
947   39.413567  63.786672
1129  39.420719  67.239039
673   39.423000  63.795025
89    39.432145  67.232841
854   39.463853  67.277165
1018  39.467250  63.821622
48    39.480941  66.468841
358   39.502061  63.841756
560   39.505509  63.843553
383   39.511372  63.841325
1036  39.515788  63.855117
565   39.525690  67.366080
21    39.530706  67.168710
952   39.543570  66.588230
741   39.554685  63.907024
346   39.568323  63.936201
1201  39.583398  63.955679
1268  39.603116  67.092891
729   39.612996  66.964911
496   39.615976  67.076762
863   39.618890  66.997832
164   39.637237  66.976446
499   39.644103  66.956214
841   39.644842  66.954869
913   39.646062  66.996486
890   39.646672  66.952929
380   39.647833  66.954806
550   39.648949  66.963635
958   39.649002  66.956625
1213  39.649518  66.953098
1377  39.650420  66.955149
1107  39.652341  66.970141
930   39.653320  64.083164
1156  39.653992  66.953538
1347  39.655304  66.904801
137   39.655542  66.961839
511   39.655936  66.919382
254   39.656004  66.953645
416   39.656127  66.951331
1150  39.657579  66.905139
417   39.657705  66.970842
281   39.658700  66.944876
484   39.658904  66.956630
1078  39.660139  66.905665
1068  39.663317  66.932876
713   39.663545  66.914073
350   39.664137  66.906928
159   39.664553  66.930304
1389  39.666985  66.926535
364   39.668830  66.906427
1141  39.668876  66.875663
715   39.671232  66.921104
1055  39.672299  66.863966
307   39.673159  66.846061
329   39.673334  66.859428
993   39.673512  66.968573
562   39.673719  66.856979
981   39.673960  66.905732
1102  39.675422  66.915113
788   39.677088  66.912311
652   39.681160  66.902087
1122  39.683717  66.899267
49    39.687082  66.892679
775   39.691648  66.989576
1294  39.695909  67.087683
585   39.696827  67.097222
635   39.707759  66.651343
409   39.710900  64.189700
1050  39.727317  64.195902
5     39.735998  64.557467
1312  39.736102  67.104111
604   39.738200  64.180810
1058  39.739703  64.186597
950   39.740300  64.161860
909   39.748018  64.230024
921   39.748798  64.428599
125   39.749029  64.412873
885   39.751444  67.633556
535   39.751873  64.243505
306   39.753823  64.565260
780   39.755260  64.461568
141   39.755995  64.423890
1199  39.759705  64.423787
50    39.762521  64.430462
733   39.762603  64.424005
956   39.762680  64.417421
757   39.762919  64.457948
1011  39.765114  66.913479
1191  39.766138  64.435122
1276  39.766255  64.435108
948   39.766264  64.332351
432   39.766390  64.430542
717   39.766610  64.404183
411   39.767585  67.272920
92    39.769838  64.449955
196   39.770256  64.430710
514   39.771913  64.381887
651   39.773448  64.431642
391   39.779792  64.398580
818   39.780256  64.400044
654   39.780735  64.401514
928   39.780913  64.429984
205   39.781059  64.403559
785   39.781333  64.403118
834   39.783480  64.415167
376   39.784872  64.478575
1106  39.787485  64.394602
1239  39.793521  64.475142
773   39.793678  64.420392
111   39.797091  64.423276
902   39.803247  64.427716
621   39.803703  64.508328
340   39.805508  64.416198
191   39.807282  64.429708
17    39.809108  64.430097
660   39.816308  64.432640
18    39.828780  64.565250
957   39.830585  64.435895
843   39.835094  64.436587
942   39.835621  64.372060
1189  39.863604  64.446161
1342  39.870685  66.765417
553   39.876012  66.753946
520   39.883176  66.717782
1105  39.883270  64.425284
787   39.885242  64.311978
728   39.885308  64.312411
555   39.886986  66.741086
1352  39.905035  64.402063
430   39.915689  64.353059
72    39.920328  66.858727
561   39.922101  65.925682
786   39.935103  64.371817
1154  39.945780  66.538190
573   39.946992  64.377147
960   39.955411  68.394763
799   39.956199  67.540915
70    39.960576  68.418787
1243  39.961072  68.366932
1372  39.961736  68.396358
2     39.961744  68.405376
759   39.963169  68.389521
944   39.963383  68.401083
1076  39.963624  68.400121
1098  39.965007  68.397045
90    39.965110  66.486354
932   39.965186  68.390719
459   39.969378  68.404610
855   39.971053  68.405917
211   39.972030  65.779962
1192  39.972483  65.939415
931   39.973197  68.400338
238   39.973781  68.407751
534   39.975600  67.573110
1254  39.977540  67.563254
337   39.978501  68.411157
359   39.991798  66.518205
181   39.993720  68.421730
937   39.993907  68.421962
384   40.006990  64.523800
1077  40.009420  64.526120
45    40.009650  67.592000
79    40.014220  64.535300
462   40.017403  64.329301
670   40.017797  65.681678
862   40.018155  67.610037
154   40.018264  64.528376
730   40.023022  64.494787
1315  40.023062  64.532531
1073  40.029562  65.672863
1308  40.030268  65.969277
1052  40.036972  64.398046
954   40.037933  64.513842
884   40.037965  64.390418
1274  40.039401  67.648355
1164  40.053834  64.806872
44    40.058784  64.831880
144   40.059220  68.460126
1250  40.068148  67.874745
1167  40.068178  64.746655
1147  40.073229  64.736625
633   40.074121  64.569522
1140  40.074131  64.569521
706   40.075823  64.578903
440   40.077769  65.385679
1139  40.078002  65.908251
1278  40.080671  67.719386
134   40.080981  64.724135
611   40.082034  67.929738
1370  40.084100  64.508240
449   40.087069  67.912297
222   40.087869  65.378752
489   40.088716  68.151709
760   40.089110  64.661561
829   40.089258  65.379753
1258  40.089543  65.388180
851   40.089747  65.399236
809   40.090070  65.838800
1331  40.090447  64.667433
968   40.093606  64.669562
986   40.093880  64.507050
320   40.094661  65.421986
420   40.095197  65.385218
263   40.095246  64.679337
869   40.095599  68.043587
620   40.095767  67.912420
133   40.095864  64.682473
1117  40.096012  64.683097
640   40.096069  64.696741
1261  40.096070  67.896680
756   40.096099  64.672329
406   40.096490  64.685902
1198  40.097500  67.779321
54    40.097578  67.780385
1284  40.097844  67.865928
1280  40.099003  67.843307
438   40.099263  67.815448
486   40.099573  64.676297
793   40.100709  67.839096
123   40.101223  65.365017
977   40.101645  65.394719
1047  40.102005  64.686580
110   40.102533  67.837423
1218  40.102667  64.682187
622   40.102854  67.837554
1065  40.102880  67.837552
1190  40.102961  64.684629
1104  40.102973  67.839118
368   40.103635  64.698671
442   40.103992  65.374329
412   40.105791  67.829338
14    40.105818  64.683186
657   40.106162  67.820161
37    40.107092  67.835004
1054  40.108080  65.361954
1162  40.108229  67.821589
551   40.108906  67.821987
498   40.109153  67.834424
866   40.109449  67.857830
1029  40.111018  64.679449
538   40.111440  65.376880
392   40.112542  67.861753
268   40.112628  67.842941
1222  40.113037  65.359156
907   40.113044  67.824527
1183  40.113858  64.501152
674   40.114241  65.363265
1084  40.114535  67.845734
1310  40.117683  64.501076
1111  40.118315  67.826783
784   40.118818  67.829644
898   40.119831  64.502254
598   40.120129  64.513903
407   40.122505  67.844645
156   40.122821  67.828626
1330  40.123794  67.827951
738   40.124054  64.483301
487   40.124337  67.840540
214   40.125056  67.827487
1203  40.126483  65.462718
1355  40.126753  67.822143
828   40.126924  67.835822
542   40.127780  65.183838
1175  40.131238  64.506624
1341  40.132084  65.350370
893   40.135443  65.248195
679   40.136569  67.816989
1223  40.138238  67.822944
545   40.139886  67.830517
801   40.144180  67.818239
1014  40.144792  65.303156
35    40.147565  65.352821
543   40.147654  65.346189
874   40.152059  65.343466
1017  40.153092  67.822933
1301  40.156845  67.827775
1253  40.156999  67.831992
157   40.157328  67.828690
8     40.157332  67.828656
124   40.158948  67.831441
103   40.159108  67.831206
1133  40.161550  67.732100
758   40.168220  68.611655
1217  40.168387  67.844060
342   40.169587  67.845759
837   40.170310  67.846199
294   40.174750  67.852111
36    40.178093  64.931896
108   40.188060  65.360681
610   40.188368  65.249554
920   40.191942  67.881118
355   40.207421  65.332292
1091  40.215908  67.920944
789   40.221231  69.189149
138   40.221833  68.824139
905   40.222387  69.187583
886   40.222409  68.824801
1214  40.222590  65.314834
264   40.222605  69.269354
897   40.223584  69.132184
410   40.224844  68.839833
478   40.228125  68.835283
602   40.228570  65.385905
989   40.229110  69.271986
917   40.235663  69.269871
1306  40.247736  68.888143
1067  40.259685  68.484128
1292  40.260203  67.640258
1334  40.262006  68.809089
1302  40.267927  68.033488
687   40.268369  65.163212
915   40.272557  68.786615
835   40.275107  68.828260
659   40.283700  69.025327
189   40.295017  68.822489
1086  40.297078  69.239479
507   40.303582  67.963220
206   40.308373  67.964695
303   40.316425  69.244818
435   40.316806  68.092017
322   40.345427  69.239466
227   40.348647  68.185532
783   40.359772  68.962160
1061  40.366558  69.251945
475   40.371481  69.254196
174   40.401259  69.234936
1382  40.408491  68.887543
616   40.410346  68.787627
836   40.414947  68.002081
1115  40.427094  69.227849
1060  40.443005  68.826616
1116  40.443097  68.240233
617   40.445872  68.892492
66    40.447976  68.776138
1238  40.458616  68.258545
404   40.465309  68.771832
175   40.468867  65.553520
1006  40.471694  68.274472
1336  40.481572  68.776739
209   40.485829  68.777159
267   40.488815  68.744981
533   40.489270  68.737333
613   40.491055  68.707813
1075  40.491621  68.776609
491   40.491708  68.840558
1031  40.492147  69.212107
102   40.492777  68.782871
324   40.493318  68.786909
168   40.493928  68.804176
1267  40.495370  68.775413
330   40.497815  68.763633
1365  40.498172  68.592807
289   40.498939  68.774265
1041  40.499740  68.567520
1332  40.499980  68.762678
461   40.500167  68.559556
1307  40.500194  68.733946
800   40.502293  65.950928
1145  40.504397  68.772691
625   40.505127  65.569725
1325  40.505946  68.550207
596   40.507043  68.754342
578   40.509257  68.766577
220   40.509553  68.769612
505   40.509994  68.770988
296   40.512976  68.781382
84    40.514487  68.785385
261   40.516730  68.769009
762   40.518889  68.757222
1001  40.520048  68.762996
1013  40.525891  69.025101
1025  40.530078  69.031425
908   40.530459  69.032345
734   40.539606  68.422470
658   40.542906  68.749723
634   40.551020  68.401225
589   40.552793  68.746664
792   40.556770  68.745567
239   40.568950  68.629496
1381  40.574556  65.475266
1358  40.578677  68.325677
492   40.581083  68.661981
805   40.603222  68.731308
1215  40.607992  69.211223
929   40.626572  65.727468
709   40.636246  68.721027
41    40.698178  68.976938
396   40.704273  68.846324
820   40.706223  69.212024
361   40.707941  68.846860
253   40.710263  68.698452
283   40.714673  68.711182
131   40.716353  69.054857
1072  40.724076  69.105708
349   40.734875  69.126450
1375  40.746251  69.144102
689   40.748329  69.210392
642   40.771328  68.682245
277   40.782445  69.209455
976   40.788989  66.006203
382   40.794599  69.203348
466   40.811848  69.233620
765   40.814935  68.674702
676   40.815323  69.203667
984   40.820018  68.666804
696   40.822883  69.210331
597   40.831186  68.665701
645   40.837158  68.663894
97    40.839838  69.234480
1070  40.840348  68.662679
891   40.844633  69.581700
468   40.845902  69.616865
272   40.846836  69.604518
813   40.852535  69.320397
1204  40.855216  68.931802
1348  40.861950  69.266108
57    40.862381  69.465420
1338  40.862668  69.437548
343   40.867116  69.397075
1263  40.867129  69.584896
1248  40.867401  69.559665
669   40.867483  69.491664
881   40.869650  69.348084
1270  40.875175  69.285334
1040  40.880952  69.040069
1202  40.885824  69.047412
357   40.888507  69.049717
143   40.892292  69.593736
32    40.898165  69.351369
718   40.898909  69.691584
96    40.901601  69.649836
804   40.901928  69.281597
295   40.901995  69.712030
764   40.903064  69.094714
591   40.907396  69.740092
1226  40.907761  69.798465
455   40.908267  69.768321
186   40.909125  69.758158
353   40.909638  68.713982
1153  40.909650  68.710730
34    40.911346  69.009957
647   40.912680  69.613918
269   40.913733  69.823066
694   40.914358  69.609345
1089  40.916527  69.017672
46    40.920582  69.269490
1361  40.926997  69.568282
599   40.929817  69.863303
970   40.930844  68.755751
1138  40.931639  69.593000
1021  40.932338  69.573113
88    40.934596  68.762360
284   40.936463  68.764399
525   40.938348  69.897761
426   40.948627  69.910188
1012  40.949033  68.745415
193   40.954757  69.565242
1309  40.958707  68.764547
265   40.958829  69.165111
1083  40.959116  69.277365
1290  40.960120  68.848900
540   40.961359  69.944969
991   40.963240  68.855158
571   40.967763  69.973342
546   40.973610  69.545508
912   40.975611  69.369952
249   40.978085  68.889154
379   40.981409  69.288580
1114  40.983424  69.047973
918   40.987106  69.201355
228   40.990287  69.533849
1155  40.994529  69.052347
94    40.995923  69.432435
1234  41.002461  69.231868
362   41.005360  69.408360
721   41.010066  68.837090
198   41.011612  69.310575
1168  41.011940  69.362551
872   41.015079  69.047205
83    41.015650  69.045013
806   41.017506  68.940811
887   41.023264  68.951369
233   41.024353  69.509946
1232  41.026978  69.345075
91    41.030729  69.028850
212   41.038599  69.027066
752   41.039936  68.880119
345   41.040545  69.322295
457   41.042280  69.496978
1085  41.046171  69.356329
1119  41.048241  69.375736
374   41.060318  69.347868
531   41.060516  69.389383
386   41.062632  69.331098
71    41.065039  68.916234
463   41.074907  69.473890
290   41.085857  68.945818
61    41.099486  69.408577
982   41.099782  69.056910
127   41.103779  69.044321
395   41.106343  68.974985
751   41.107284  69.321113
203   41.108360  69.048699
719   41.108686  68.978118
824   41.115067  69.055599
781   41.115520  69.055888
328   41.116970  69.053528
1228  41.122474  69.062407
363   41.125276  69.042989
962   41.125322  69.318980
428   41.126665  69.066770
1187  41.137371  69.398245
614   41.138272  69.318252
710   41.143262  69.088679
234   41.154904  69.424258
1042  41.164878  69.124037
1009  41.164926  69.327454
1063  41.166010  69.250052
530   41.180668  69.200500
816   41.181417  69.406945
286   41.182282  69.329775
425   41.185784  69.144211
1197  41.196560  69.155555
434   41.200413  69.107135
1082  41.203363  69.224600
1200  41.204072  69.231524
1088  41.205359  69.333085
341   41.205580  69.220230
1291  41.206197  69.332905
331   41.208080  69.226881
1220  41.208797  69.198722
385   41.209813  69.230819
569   41.209929  69.120683
1185  41.209983  69.231747
711   41.210604  69.343809
319   41.211417  69.230398
126   41.211832  69.223369
643   41.212599  69.238395
497   41.213595  69.726160
519   41.213782  69.240577
77    41.214181  69.228297
60    41.216211  69.334367
6     41.216659  69.402663
394   41.217148  69.219017
251   41.217845  69.239494
477   41.219134  69.224438
1130  41.220303  69.202996
42    41.221188  69.359432
825   41.221990  69.222697
1181  41.222018  69.222662
69    41.224703  69.289869
146   41.225708  69.178968
136   41.226667  69.218831
860   41.227344  69.196805
655   41.228218  69.125640
130   41.228608  69.335837
1137  41.229509  69.217982
65    41.230476  69.270139
769   41.231284  69.184848
59    41.231360  69.216877
1057  41.231980  69.375730
250   41.232896  69.334967
927   41.232948  69.508110
216   41.233813  69.215377
707   41.234939  69.208677
677   41.235221  69.332644
213   41.235430  69.350729
637   41.236235  69.331841
187   41.236396  69.331866
704   41.236428  69.188921
1316  41.237632  69.322395
830   41.237728  69.322207
870   41.239016  69.211210
822   41.239171  69.387674
812   41.239726  69.195392
81    41.239864  69.388231
1019  41.240857  69.170277
451   41.240875  69.170280
559   41.241738  69.217034
539   41.241902  69.349626
683   41.242715  69.483773
746   41.243962  69.224148
1158  41.244123  69.284861
201   41.244179  69.231879
171   41.244251  69.310379
30    41.244260  69.263778
176   41.244270  69.289560
581   41.244289  69.250045
1071  41.244521  69.277460
23    41.244566  69.272779
1146  41.244619  69.256175
1131  41.244625  69.250543
580   41.244704  69.202323
501   41.245103  69.301557
923   41.245247  69.217989
408   41.246576  69.756113
107   41.248364  69.209187
607   41.248560  69.217768
1326  41.248801  69.164700
745   41.248982  69.366303
1236  41.249230  69.301659
271   41.250938  69.254587
849   41.251346  69.370082
847   41.251984  69.154106
1124  41.252380  69.356330
1032  41.252684  69.322559
55    41.253329  69.217028
259   41.253517  69.160046
1062  41.254346  69.195373
1126  41.254462  69.197839
1008  41.254468  69.196754
953   41.254721  69.411318
1030  41.255070  69.375234
1038  41.255165  69.156716
1046  41.255223  69.206624
1362  41.255761  69.192026
714   41.256804  69.193059
999   41.257576  69.194193
1320  41.257859  69.379280
896   41.258081  69.152444
914   41.259520  69.318525
93    41.259670  69.196292
1022  41.259677  69.196150
1230  41.259731  69.186124
1037  41.259812  69.161789
833   41.259823  69.254986
672   41.259915  69.180933
39    41.259950  69.188141
523   41.260447  69.361976
1211  41.260477  69.173382
527   41.260599  69.205611
600   41.261117  69.149067
1159  41.262060  69.317215
1206  41.262313  69.197541
856   41.262645  69.265336
1344  41.262663  69.182886
1237  41.262928  69.265960
182   41.263039  69.229035
56    41.263055  69.222852
504   41.263200  69.266562
373   41.263676  69.258070
230   41.263930  69.179754
653   41.264104  69.207524
1064  41.264272  69.188697
1351  41.264719  69.364561
675   41.264721  69.188699
173   41.264951  69.267400
1298  41.265194  69.315052
292   41.265303  69.266398
437   41.265511  69.160354
1184  41.265730  69.267636
1373  41.265831  69.314776
753   41.265833  69.315302
1003  41.265835  69.231839
579   41.265883  69.246000
790   41.266649  69.367870
1364  41.266771  69.267306
978   41.266773  69.174428
771   41.267091  69.249518
712   41.267254  69.216151
974   41.267530  69.173846
1053  41.267803  69.268250
270   41.267923  69.182249
433   41.268067  69.246028
1335  41.268316  69.252212
678   41.268380  69.296357
195   41.268515  69.365602
184   41.268707  69.321878
63    41.269240  69.351123
262   41.269278  69.365115
1179  41.269747  69.276142
390   41.270002  69.263322
1171  41.270095  69.146943
1002  41.270172  69.146868
1149  41.270236  69.301626
1349  41.270300  69.264668
95    41.270485  69.230696
1101  41.270521  69.302938
750   41.270787  69.363443
1340  41.271469  69.177280
192   41.271681  69.306452
802   41.272087  69.436930
1207  41.272096  69.279591
20    41.272608  69.294570
601   41.272835  69.362037
98    41.272883  69.140840
429   41.273077  69.310626
1385  41.273287  69.206917
1094  41.273546  69.277942
1160  41.273895  69.187594
943   41.273995  69.204029
661   41.274024  69.240978
106   41.274043  69.354425
29    41.274383  69.204864
888   41.274607  69.204480
1000  41.274650  69.190549
1176  41.275071  69.168177
861   41.275112  69.300276
278   41.276281  69.308821
325   41.276809  69.172268
889   41.277139  69.215685
722   41.277312  69.287723
1297  41.277489  69.200067
682   41.277837  69.340299
795   41.278081  69.286265
1027  41.278215  69.321817
692   41.278564  69.341754
853   41.278719  69.198039
1024  41.278918  69.177744
375   41.279126  69.324274
592   41.279760  69.306043
626   41.280217  69.242095
1288  41.280278  69.190090
831   41.280320  69.195565
846   41.280337  69.153156
118   41.280430  69.199807
698   41.280677  69.361212
537   41.280967  69.194525
450   41.281258  69.240735
1259  41.281338  69.249097
1241  41.281618  69.276165
310   41.281647  69.180807
1194  41.281750  69.275787
22    41.281820  61.226295
605   41.281836  69.350435
399   41.282031  69.192889
246   41.282779  69.223031
43    41.282813  69.237979
1350  41.282852  69.164358
735   41.283426  69.339776
122   41.284086  69.224570
279   41.284121  69.265139
945   41.284124  69.189711
949   41.284184  69.189292
148   41.284367  69.194761
754   41.284413  69.360163
1210  41.284870  69.291229
827   41.285166  69.165312
381   41.285168  69.333388
62    41.285173  69.170852
304   41.285629  69.253880
352   41.285756  69.690038
770   41.285804  69.345669
275   41.285813  69.303638
469   41.285833  69.347095
726   41.286031  69.303946
1286  41.286199  69.346480
1193  41.286335  69.346117
941   41.286638  69.185675
1173  41.286643  69.194451
747   41.287107  69.243213
510   41.287204  69.166024
326   41.287223  69.524791
871   41.287573  69.349038
1255  41.288928  69.252256
347   41.289050  69.182001
149   41.289141  69.201941
845   41.289231  69.189137
231   41.289669  69.251550
895   41.290013  69.180885
1378  41.290279  69.149915
512   41.290738  69.350915
1305  41.290745  69.339340
1096  41.291113  69.327873
564   41.291286  69.284340
7     41.291506  69.179454
671   41.291755  69.223813
9     41.292149  69.339799
1180  41.292194  69.261764
1045  41.292376  69.285975
1283  41.292443  69.286238
1135  41.292603  69.212158
312   41.292996  69.263699
1113  41.293124  69.213049
305   41.293245  69.287600
315   41.293373  69.356001
285   41.293802  69.454865
1023  41.293820  69.189533
1074  41.293910  69.340337
723   41.293966  69.679903
1010  41.293993  69.289065
1357  41.294083  69.226324
901   41.294404  69.320544
1099  41.294525  69.226148
779   41.294569  69.266682
204   41.294869  69.342520
336   41.295096  69.164368
842   41.295344  69.176688
427   41.295653  69.227240
615   41.296268  69.276346
1172  41.296469  69.364033
532   41.297178  69.170102
244   41.297287  69.278072
180   41.297585  69.663091
736   41.297591  69.214764
798   41.297844  69.278927
313   41.298084  69.182647
803   41.298320  69.259000
1242  41.298350  69.174077
1391  41.298408  69.249863
1324  41.298542  69.207723
631   41.298562  69.194025
388   41.298720  69.235368
1265  41.299076  69.280901
612   41.299275  69.195526
317   41.299598  69.267858
311   41.299627  69.167210
1313  41.299967  69.282223
547   41.299982  69.249371
243   41.300100  61.126395
699   41.300199  69.228655
218   41.302262  69.263987
567   41.302453  69.641769
1363  41.302475  69.288576
708   41.302492  69.171735
422   41.302693  69.634770
33    41.303014  69.171791
338   41.303039  69.655319
593   41.303215  69.163641
1081  41.303233  69.279559
577   41.303525  69.181192
1134  41.303683  69.194032
369   41.303959  69.214117
247   41.303968  69.321824
117   41.304224  69.247123
791   41.304537  69.281687
666   41.304617  61.113959
1390  41.304986  69.208267
100   41.305133  69.330920
147   41.305181  69.157800
150   41.305246  69.602556
1093  41.305408  69.257812
586   41.305919  69.162270
826   41.305971  69.143809
590   41.306736  69.138955
1196  41.306871  69.134630
241   41.308132  69.562908
64    41.308257  69.168244
1323  41.308321  69.303007
549   41.308357  69.285461
339   41.308601  69.164722
1246  41.309206  69.167382
983   41.309456  69.304735
778   41.309624  69.242528
959   41.309723  69.221792
1118  41.309773  69.221727
256   41.310970  69.176048
582   41.311138  69.153004
794   41.311747  69.291747
1066  41.312064  69.541043
47    41.312211  69.178620
515   41.312269  69.242445
436   41.312685  69.159454
938   41.313224  69.535884
87    41.313419  69.522904
242   41.313463  69.226097
763   41.313708  69.531665
405   41.313918  69.236945
850   41.314258  69.526836
1157  41.314653  69.253805
700   41.314720  69.186636
232   41.314748  69.295509
1266  41.315149  69.517832
472   41.315360  69.163020
398   41.315485  69.315733
1143  41.315520  69.154889
161   41.315626  69.163575
1132  41.315729  69.193133
255   41.315907  69.472141
1299  41.316153  69.253612
31    41.316353  69.193073
1035  41.316843  69.511917
823   41.316847  69.210213
936   41.316933  69.532048
1151  41.317279  69.230648
414   41.317704  69.338955
1371  41.318068  69.252915
197   41.318740  69.228406
452   41.318893  69.196333
703   41.319145  69.318553
1128  41.319276  69.327390
848   41.320038  69.521308
697   41.320229  69.233790
458   41.320770  69.260902
1384  41.320808  69.176698
588   41.320905  69.284828
663   41.321200  69.254670
521   41.321457  69.296965
309   41.321461  69.178788
1148  41.321515  69.447212
1004  41.322185  69.210479
333   41.322241  69.216044
748   41.322273  69.236602
1339  41.322292  69.236916
739   41.322296  69.239446
114   41.322434  69.204509
878   41.322450  69.205751
101   41.322460  69.188595
583   41.322549  69.254647
933   41.322704  69.484052
76    41.322734  69.484114
508   41.323175  69.235665
327   41.323390  69.357782
1300  41.323506  69.254744
441   41.323668  69.282528
1327  41.324187  69.257718
225   41.324345  69.367387
558   41.324557  69.324725
972   41.324676  69.206224
595   41.324735  69.304303
15    41.324854  69.163170
526   41.324992  69.256830
1015  41.325068  69.231650
516   41.325081  69.299491
688   41.326111  69.329719
934   41.326727  61.062316
973   41.326923  69.291075
169   41.327071  69.239721
421   41.327230  69.336387
25    41.327768  69.284076
482   41.327951  69.174268
725   41.328246  69.343647
1080  41.329373  69.236577
1034  41.329419  69.283640
10    41.329466  61.055399
1108  41.329727  69.234876
423   41.330462  69.232779
686   41.330681  69.242803
163   41.330730  69.221551
121   41.330965  69.401689
690   41.331947  69.312599
724   41.332163  69.542748
1182  41.332168  69.234601
509   41.332236  69.251371
528   41.332269  69.263675
1277  41.332980  69.284560
185   41.333153  69.287476
179   41.333422  69.415728
297   41.334568  69.264506
334   41.335033  69.213974
365   41.335557  69.292607
1090  41.335586  69.221142
839   41.335599  69.174895
316   41.335792  69.233657
877   41.336095  69.255143
630   41.336822  69.259547
922   41.337124  69.210586
413   41.337378  69.232971
985   41.337427  69.330365
393   41.337889  69.196306
431   41.337967  69.274098
236   41.337969  69.224129
99    41.338159  69.242339
356   41.338648  69.272566
490   41.338703  69.242070
603   41.338836  69.222328
266   41.339044  69.207228
188   41.339344  69.220378
584   41.339395  69.226990
293   41.339477  69.226625
24    41.339482  69.271099
767   41.339527  69.286230
1120  41.339580  69.227362
961   41.339589  69.293465
575   41.339617  69.231831
667   41.339693  69.252260
1388  41.339900  69.219932
208   41.339958  69.251176
990   41.340212  69.293479
439   41.340490  69.216920
16    41.340613  69.257676
335   41.341108  69.231063
1295  41.341291  69.299270
300   41.341657  69.236513
656   41.341715  69.257169
172   41.341798  69.241962
1256  41.341935  69.237525
199   41.342113  69.332941
1216  41.342305  60.867943
344   41.342805  69.257214
139   41.343267  69.338862
814   41.343295  69.499617
618   41.343524  69.264029
367   41.343980  69.307473
1103  41.344015  69.307496
119   41.344173  69.262999
1303  41.344305  69.212917
74    41.344328  69.308588
1321  41.344488  69.241604
1289  41.344898  69.229157
323   41.345125  69.213303
258   41.345294  69.207123
624   41.345554  69.205339
641   41.345854  69.341868
1354  41.346660  69.267353
649   41.346923  69.201150
681   41.347341  69.227954
1028  41.347502  69.265970
448   41.347849  69.246621
402   41.348105  69.246743
1142  41.348163  69.252079
720   41.348209  69.197930
1374  41.348292  69.169769
1127  41.348304  69.165366
883   41.348413  69.242191
608   41.348500  69.238581
153   41.348880  69.237266
1225  41.349174  69.262908
995   41.349419  69.178691
142   41.349655  69.320492
1026  41.350062  69.220951
483   41.350115  69.551213
1208  41.350139  69.213714
819   41.350148  69.188047
419   41.350350  69.252440
925   41.350380  69.377227
298   41.350605  69.165857
321   41.351015  69.212867
868   41.351063  69.292265
158   41.351065  69.324439
1337  41.351205  69.242056
488   41.351221  69.329519
899   41.352253  69.265640
1264  41.352319  69.266268
782   41.353027  69.178590
517   41.353788  69.288094
1366  41.353791  69.219191
1249  41.354351  69.140759
1069  41.354575  69.209405
665   41.354713  69.334310
946   41.354849  69.179308
493   41.355191  69.357092
1282  41.355271  69.357306
403   41.355575  69.226418
1109  41.355636  69.344399
1262  41.355886  69.218379
662   41.356053  69.309659
1368  41.356164  69.247958
731   41.356744  69.129783
987   41.356768  69.175970
1379  41.356911  60.823568
832   41.356921  69.342262
1123  41.357238  69.216004
351   41.357255  69.242550
1240  41.357773  69.206368
260   41.357785  69.182334
235   41.358491  69.385787
200   41.358723  69.386059
194   41.358873  69.193446
471   41.359257  69.225632
360   41.359517  69.214767
465   41.359672  69.337844
1251  41.360057  69.173047
354   41.360085  69.173020
858   41.361168  69.239100
557   41.361174  69.384416
817   41.361332  69.225265
664   41.362808  69.225069
217   41.362890  69.187924
129   41.363212  69.298291
273   41.363287  69.178152
810   41.363333  60.611487
1161  41.363385  69.178108
859   41.363859  69.179030
1044  41.363934  69.287576
183   41.364049  69.203936
444   41.364297  69.287507
684   41.364560  69.225230
13    41.364840  69.288756
257   41.365215  69.240738
904   41.365383  69.340959
1231  41.365508  69.181513
85    41.365599  69.291339
460   41.365911  69.394892
115   41.366441  69.292831
1244  41.366588  69.292180
40    41.367012  69.285029
1163  41.367158  69.302349
1219  41.368787  69.186817
308   41.368877  69.186758
648   41.368967  69.344401
73    41.369524  69.225108
1329  41.369844  69.311458
288   41.370047  69.311889
755   41.370050  69.205052
1049  41.370150  69.422910
749   41.370408  69.214797
935   41.370412  69.210623
766   41.370447  69.218194
1304  41.370972  69.399452
1343  41.371751  69.346606
1169  41.371966  69.317115
1039  41.372326  69.225021
68    41.372426  69.275865
1387  41.374122  69.305696
415   41.374187  69.390922
1224  41.375828  69.432837
1205  41.376540  69.288097
570   41.376556  69.281934
1273  41.377360  69.349952
873   41.378563  60.394606
1033  41.378637  69.220700
52    41.379634  69.219426
609   41.379704  69.219560
473   41.381533  60.812738
639   41.381557  69.297225
906   41.384416  69.306513
1356  41.384740  69.307924
513   41.385281  69.212949
554   41.385518  69.213331
693   41.386518  60.360003
116   41.388818  69.275238
291   41.390388  69.465287
701   41.391250  69.426096
280   41.391842  60.364726
971   41.392763  69.357000
453   41.394769  69.205940
237   41.398220  69.204641
838   41.401363  69.450205
1369  41.402890  69.494500
1367  41.403872  69.202817
1279  41.404797  60.387920
644   41.405771  69.558536
1392  41.407368  69.501586
811   41.409039  69.188320
464   41.416962  69.521383
716   41.421878  69.578983
1195  41.422478  69.527683
969   41.423751  60.817450
776   41.426741  69.533519
190   41.429901  69.287832
207   41.431066  69.540394
160   41.432437  60.573172
132   41.433763  69.543884
1257  41.435503  60.439833
276   41.436342  69.545345
808   41.437254  69.328468
447   41.439273  69.550289
446   41.441645  69.209106
1328  41.443765  69.556433
916   41.450722  69.538416
732   41.451237  69.538495
997   41.453806  69.567480
572   41.453850  69.556481
443   41.456957  60.773964
485   41.461695  69.565148
695   41.462080  69.576228
1393  41.466024  69.568965
387   41.467151  69.580818
1296  41.467386  60.473646
240   41.469186  69.582681
82    41.471590  60.775810
502   41.473165  69.586402
1233  41.473522  69.590665
840   41.474689  69.591882
481   41.477616  69.575570
1125  41.477953  69.590867
963   41.482383  69.577808
1170  41.486108  69.617268
650   41.488507  69.603493
1092  41.490696  69.619220
53    41.491584  69.588447
743   41.507028  69.643639
145   41.509400  69.627078
113   41.511741  61.050804
166   41.514770  69.634231
1212  41.515174  69.660046
627   41.519077  69.639630
594   41.519737  60.613217
628   41.520561  69.671829
80    41.541306  60.992278
768   41.541471  61.027171
494   41.543527  60.610706
924   41.549410  69.688660
219   41.551968  69.717048
691   41.553101  60.998999
1293  41.555616  69.769357
955   41.555837  60.627097
797   41.556210  60.668429
619   41.557851  60.597378
892   41.559910  60.655890
638   41.561101  60.614446
287   41.561563  61.019003
372   41.562500  60.969861
536   41.563222  60.967667
112   41.563233  60.967687
632   41.566720  60.591731
467   41.568094  69.768153
556   41.573082  69.772187
105   41.574264  69.824384
27    41.577878  60.574225
86    41.590047  60.599932
772   41.591195  69.857572
996   41.595450  69.868060
479   41.620018  60.687735
140   41.623650  69.932761
876   41.656367  60.285877
245   41.667197  60.749662
1311  41.680260  60.217123
51    41.680975  60.763229
524   41.682894  60.745111
1136  41.684415  60.738218
454   41.686531  60.729815
744   41.686611  60.280611
1166  41.687306  60.736833
177   41.690024  60.749040
552   41.690275  60.742691
1269  41.693000  60.743472
210   41.701556  60.719750
456   41.731881  60.819299
1317  41.897737  60.322768
75    42.097712  60.084622
1188  42.107391  60.057936
215   42.111083  60.069650
162   42.128867  60.063738
910   42.136071  60.066572
1007  42.149768  63.566143
378   42.160717  60.080404
